10
7
5
9
5
8
5
15
5
19
7
8
6
15
6
9
5
15
7
9
5
7
6
16
6
15
6
15
6
15
6
8
6
16
6
16
5
8
5
14
6
8
5
16
6
15
6
15
5
8
6
7
6
14
5
26
18
14
6
8
6
15
7
15
6
13
12
15
6
16
7
16
6
16
8
15
7
8
7
17
6
17
6
17
6
15
7
8
6
15
7
15
6
16
6
16
7
17
7
15
6
16
6
16
8
15
8
10
7
16
8
18
6
16
7
15
7
8
6
16
6
16
7
17
6
13
6
15
6
15
7
15
6
16
6
15
8
9
8
8
7
17
7
16
8
15
6
11
6
15
7
17
5
16
6
8
6
17
6
15
6
16
6
15
5
17
6
15
9
15
6
19
8
15
6
7
6
16
6
14
6
15
6
15
10
10
9
18
9
18
7
15
6
16
6
14
6
13
8
8
6
8
6
17
7
16
6
19
6
15
6
18
9
20
7
15
6
16
6
17
6
16
6
18
6
15
7
9
8
10
6
16
7
15
6
15
7
7
6
14
6
75
6
15
7
9
7
17
6
15
6
16
7
16
6
9
8
16
9
15
7
9
8
20
6
9
7
18
6
15
7
15
6
17
7
7
8
16
7
17
8
14
10
15
7
8
7
19
7
16
6
9
5
16
6
8
6
16
6
15
6
15
7
17
6
10
7
8
7
15
9
8
6
9
7
9
8
9
6
17
7
15
7
15
6
8
8
15
6
16
7
18
6
18
6
15
6
11
6
17
10
16
7
10
7
8
7
8
6
15
6
15
6
21
7
11
10
15
6
16
5
16
7
16
7
8
6
15
6
16
6
14
9
14
6
8
8
16
5
15
6
15
6
15
6
8
7
16
7
8
7
16
6
15
7
16
6
15
6
15
6
16
6
16
6
15
6
8
6
16
6
8
6
17
6
17
6
8
7
13
6
15
6
15
8
19
6
15
6
15
6
16
9
15
8
7
7
19
8
17
8
20
7
15
6
8
7
16
6
8
7
16
7
15
6
16
6
8
6
15
6
15
8
15
8
10
9
16
6
15
7
15
6
15
6
9
7
10
7
7
8
16
7
15
6
8
7
7
7
15
7
16
7
16
6
16
6
12
6
15
9
17
6
15
8
15
6
8
7
7
6
15
8
15
6
9
6
8
5
15
6
16
6
17
6
9
6
16
6
15
6
13
6
15
6
8
7
15
6
15
5
16
6
15
7
16
6
17
7
15
6
16
8
18
7
8
7
15
6
15
6
16
9
15
6
8
6
15
6
16
7
16
6
16
7
15
6
9
6
16
7
16
8
16
7
8
6
16
7
16
6
16
6
16
6
8
6
7
6
9
6
16
6
16
7
15
8
18
6
15
6
15
6
16
6
8
6
16
10
16
7
15
8
7
9
11
7
15
6
15
7
16
6
15
8
15
6
16
7
15
6
17
11
15
5
8
6
17
8
9
7
16
6
15
6
9
8
15
6
7
7
14
6
17
7
16
7
15
6
16
7
15
6
15
8
8
7
15
6
16
6
16
6
7
6
8
6
18
6
8
6
16
7
16
7
9
7
16
6
8
6
14
8
14
6
10
6
15
7
15
6
18
6
16
6
8
8
16
6
16
7
15
6
16
6
9
6
15
7
15
9
16
6
16
7
8
7
16
6
15
6
15
7
16
7
8
7
15
7
16
6
17
7
8
6
15
8
15
6
9
6
16
6
15
6
7
7
8
7
16
7
17
7
17
9
16
6
16
6
16
6
8
6
15
6
14
8
16
5
8
6
16
6
15
9
8
8
14
6
9
6
9
6
16
7
8
6
18
7
9
8
16
6
17
10
8
7
17
7
15
6
15
7
16
6
9
5
15
8
17
5
17
7
15
6
9
6
18
7
16
6
15
7
15
6
15
9
15
7
11
6
16
6
17
8
8
6
8
6
19
9
17
10
21
12
11
6
14
6
18
8
18
8
7
7
16
8
16
6
14
7
18
6
16
6
9
6
15
6
15
7
15
7
15
7
7
6
17
7
17
10
18
8
15
6
15
6
15
6
9
10
15
6
15
7
9
6
15
6
7
5
17
6
15
7
9
6
8
8
17
6
16
6
9
6
17
6
16
5
8
6
14
6
8
6
16
7
16
6
15
7
20
7
8
6
8
6
16
6
15
6
