10
6
6
8
5
7
4
6
5
8
5
16
6
7
5
15
6
7
6
8
5
12
6
15
5
15
7
15
6
7
6
15
6
15
6
15
6
14
6
8
5
15
5
16
5
15
5
7
5
8
6
15
6
15
6
15
6
15
5
7
6
16
6
15
6
15
6
16
6
7
6
10
7
9
8
12
6
16
9
7
7
17
7
16
8
14
6
15
6
8
6
9
6
8
7
8
8
17
8
7
6
15
7
10
7
15
6
14
5
7
6
7
6
14
7
15
6
15
7
7
9
18
8
18
6
15
5
15
6
7
6
17
6
15
5
14
6
14
6
8
6
17
6
17
6
17
6
15
6
7
8
9
5
15
6
17
8
10
6
9
6
7
6
15
6
16
8
16
8
8
10
19
6
18
7
17
8
19
7
11
5
18
8
17
7
16
6
16
6
8
8
15
6
14
6
15
6
17
6
7
7
16
6
16
7
14
6
15
6
8
6
15
5
15
8
16
6
8
9
7
6
16
6
16
8
6
8
16
7
11
6
18
6
15
7
17
6
15
6
7
6
74
5
15
6
15
5
15
6
7
6
15
7
16
6
10
7
9
6
8
6
15
6
15
6
14
5
9
6
8
7
15
6
7
5
15
6
8
6
7
5
16
8
15
9
8
6
14
6
7
8
9
5
14
8
16
7
16
6
11
5
9
6
18
7
16
6
15
6
7
6
15
6
9
6
7
7
15
6
8
8
15
6
14
6
15
6
9
9
15
6
15
5
8
6
15
7
8
6
8
7
15
6
16
6
7
7
17
6
7
6
15
6
16
6
16
5
16
6
15
5
16
7
15
6
16
6
15
5
8
6
15
6
15
6
15
6
14
5
8
6
15
6
15
6
16
7
16
6
7
5
12
6
15
6
15
6
15
6
8
6
15
6
16
8
16
6
15
7
14
10
8
7
7
6
15
6
8
6
7
9
9
6
16
6
15
5
16
6
9
6
14
6
8
6
15
6
16
6
8
6
18
7
16
8
16
7
9
6
15
7
9
6
15
6
15
6
12
8
8
6
7
6
7
6
8
6
16
8
8
7
10
8
9
6
8
6
7
6
13
6
7
6
14
6
15
6
15
6
7
5
7
5
7
5
8
6
8
6
8
6
15
6
16
6
17
9
16
6
16
8
15
6
15
5
15
6
14
5
7
6
17
5
15
6
16
7
17
7
8
7
16
7
14
7
17
5
15
6
15
6
8
6
14
7
15
6
15
6
8
6
17
7
16
6
15
6
8
6
8
6
16
6
17
6
23
7
8
6
17
7
15
6
17
5
15
7
8
6
9
6
16
6
15
7
16
6
15
7
15
6
15
6
18
7
17
7
8
6
16
6
17
6
16
7
16
6
8
6
8
6
16
8
16
7
15
7
8
6
15
6
14
5
15
6
16
6
9
6
16
6
13
6
17
7
15
6
15
6
8
6
17
8
15
6
15
5
15
6
8
6
16
7
15
5
17
6
16
6
15
6
16
6
15
6
16
5
15
6
7
5
14
6
18
8
17
7
9
6
8
6
19
6
16
6
17
5
16
6
15
6
15
6
17
7
16
7
15
7
8
7
18
6
15
8
7
6
15
6
8
6
15
6
15
6
15
6
8
6
15
6
16
6
15
5
16
7
9
7
16
6
15
5
15
5
15
6
7
6
15
7
15
6
15
6
15
5
8
6
15
6
16
6
15
6
15
7
16
6
8
6
16
6
15
6
17
7
14
7
7
5
15
6
15
6
16
6
13
8
15
5
15
5
15
6
15
5
16
6
8
5
15
6
16
6
16
6
15
6
8
6
17
6
17
6
15
6
15
6
16
6
15
7
15
7
14
6
8
6
16
7
14
7
16
5
16
6
14
11
16
6
14
5
14
6
15
7
15
6
18
6
15
6
9
6
15
8
13
6
16
7
16
7
16
6
15
6
9
6
16
6
14
6
15
7
13
7
7
6
16
7
15
7
17
6
16
6
14
6
8
6
15
5
15
6
