9
6
5
9
5
6
5
14
5
15
6
8
7
7
5
7
6
15
6
16
6
7
6
8
6
15
6
8
5
15
6
8
6
7
6
14
6
16
5
14
5
14
5
7
5
15
6
8
6
18
6
15
6
9
6
17
7
16
6
15
6
17
6
8
6
16
9
15
7
15
6
15
6
7
6
15
6
15
6
16
8
13
7
8
6
21
6
15
6
16
6
16
7
9
8
7
5
21
11
20
6
15
6
8
5
15
5
16
6
9
6
17
8
8
6
15
6
15
7
15
6
15
7
8
8
15
7
16
8
15
6
17
6
7
7
15
6
15
6
15
6
7
6
8
6
16
6
15
6
18
7
15
6
9
9
18
10
19
8
16
6
15
5
8
6
18
6
17
6
17
6
16
7
8
6
16
6
15
6
8
6
16
7
10
6
15
7
19
10
10
9
16
7
9
7
17
7
16
6
15
7
8
8
9
6
14
6
16
6
15
6
15
9
7
6
16
6
18
6
15
7
16
6
8
7
8
5
15
6
16
7
16
6
7
6
8
5
10
6
8
6
66
6
8
5
17
7
18
8
11
6
8
9
8
6
18
6
7
6
15
6
8
5
7
6
10
6
10
6
7
7
17
6
10
5
16
6
15
6
14
6
14
6
9
6
16
7
15
6
20
6
15
6
9
6
15
5
15
5
7
6
15
7
8
8
15
6
15
6
16
6
17
5
8
8
15
5
16
6
15
5
15
7
7
6
17
7
15
8
17
6
15
8
8
6
16
6
18
6
15
6
16
5
9
5
16
6
15
6
17
6
16
8
9
7
15
6
15
9
8
13
17
7
15
10
16
8
15
7
16
6
15
6
7
5
15
6
15
7
8
6
13
8
9
6
14
5
15
6
9
6
17
6
15
7
16
6
15
6
19
6
16
8
8
7
15
6
17
7
9
6
15
6
8
6
16
6
14
6
15
6
9
6
7
6
16
11
16
6
16
9
16
6
7
6
15
8
15
6
16
7
16
6
15
6
15
7
7
6
14
5
15
5
15
7
13
7
8
7
10
6
7
8
9
7
15
8
15
6
17
5
17
5
8
6
14
6
18
10
7
7
13
6
17
6
20
8
17
7
17
8
14
9
9
6
9
7
16
6
16
5
15
8
7
8
17
6
16
7
17
10
10
9
20
7
17
8
15
6
16
6
8
7
16
6
16
7
16
6
15
7
9
6
8
6
15
7
10
5
16
6
9
6
18
6
17
7
17
6
15
8
7
8
18
8
19
8
17
7
16
7
8
6
15
7
16
7
16
9
16
6
12
6
14
6
14
6
8
7
15
6
15
5
8
7
15
5
16
6
16
6
15
6
7
6
15
5
16
6
15
7
8
6
8
6
15
5
15
6
17
5
9
7
15
6
15
8
14
5
16
6
8
6
17
7
8
6
16
5
16
6
9
7
16
6
15
6
13
7
15
8
16
6
9
5
15
6
16
7
15
9
17
6
8
5
16
7
16
7
17
6
9
7
15
6
12
6
15
6
16
7
8
6
16
5
16
7
14
5
14
6
8
6
15
6
16
7
15
7
16
5
9
7
15
6
15
8
9
9
15
7
18
6
9
6
16
8
16
6
16
6
16
6
9
7
9
8
15
6
14
5
15
5
7
6
8
6
16
6
15
6
17
6
8
8
9
8
15
6
17
7
15
5
7
6
11
6
15
6
17
5
15
5
17
6
7
6
16
7
16
6
8
6
15
6
8
6
16
6
15
7
8
5
15
6
9
6
14
7
15
7
16
8
18
6
8
7
15
6
15
5
14
6
8
8
8
5
14
7
16
7
7
6
8
6
7
5
15
5
16
6
16
6
8
7
9
7
15
6
14
6
14
5
8
6
9
6
7
7
15
6
16
7
8
7
8
7
15
7
16
6
16
7
7
6
8
7
16
6
15
7
15
7
8
6
9
7
14
5
16
6
16
9
8
6
7
6
15
6
15
6
7
6
14
7
10
6
15
5
17
7
9
5
17
6
10
7
15
9
16
6
11
7
17
7
13
7
16
6
15
5
7
6
15
6
