16
13
11
19
15
26
13
22
15
17
15
28
16
18
16
19
15
19
16
19
16
26
14
25
15
24
15
18
13
28
20
23
13
19
14
19
18
33
16
27
15
21
16
19
16
23
16
26
18
27
16
23
18
31
18
20
19
27
17
20
16
18
15
21
16
20
23
18
15
27
19
19
17
21
20
21
16
22
15
20
19
26
19
18
16
24
16
21
16
22
15
22
15
32
15
21
20
19
16
21
17
29
14
18
15
20
16
21
16
23
26
19
15
20
16
19
16
26
20
27
16
19
16
27
15
20
16
20
15
20
18
20
18
35
16
26
15
25
15
27
23
28
17
27
16
19
14
27
18
24
26
27
23
26
14
30
15
24
16
25
18
33
16
28
16
18
16
26
16
20
18
23
15
25
16
18
16
27
15
25
15
18
17
30
15
18
17
26
16
27
15
23
16
29
16
18
16
25
16
17
16
29
16
27
15
25
15
32
15
23
19
25
15
28
15
19
16
25
15
25
17
26
18
23
18
23
20
40
18
24
95
38
17
28
20
39
18
37
22
35
21
28
22
23
16
32
25
25
19
27
16
30
16
19
18
26
16
27
18
25
16
29
21
32
16
30
15
28
14
35
18
25
16
27
17
30
15
25
17
31
16
29
19
26
21
29
15
18
15
18
16
27
17
36
19
25
16
44
16
33
18
28
15
27
17
19
16
17
19
31
34
31
20
17
18
22
18
28
16
25
16
27
18
27
15
26
16
20
16
20
20
23
18
20
20
19
17
30
16
30
16
20
17
26
16
31
16
22
17
26
16
32
15
29
17
26
17
21
16
27
17
32
15
27
18
19
16
25
15
20
21
26
18
24
16
28
15
26
17
25
16
26
15
27
15
26
17
34
15
28
15
26
16
26
17
27
18
26
16
17
16
22
23
17
18
27
22
26
15
24
16
21
15
27
16
27
16
27
15
26
19
25
16
32
17
19
16
37
26
22
19
30
18
24
21
22
20
20
16
25
16
28
16
25
17
31
17
20
16
26
15
25
16
19
16
27
21
27
16
28
26
19
23
25
17
27
17
19
17
20
19
19
20
24
17
20
16
28
16
35
15
25
21
34
17
18
16
26
17
21
15
19
17
21
18
27
17
34
15
28
21
19
16
32
16
25
16
26
15
27
20
26
19
27
16
26
18
27
16
25
17
26
16
27
16
27
15
26
20
32
22
23
17
26
17
25
15
29
16
28
16
25
19
26
17
26
22
22
23
21
17
27
15
22
16
34
28
29
17
32
16
19
16
29
20
37
20
22
25
26
16
26
20
30
15
26
18
27
16
29
16
23
15
25
18
27
18
29
14
19
15
21
20
21
22
26
15
32
18
21
19
34
27
26
16
27
15
26
21
25
16
23
16
18
16
27
17
27
19
22
16
21
15
24
20
26
16
34
16
18
15
27
15
19
15
25
15
31
16
21
15
20
16
30
16
29
15
27
16
27
18
22
16
34
24
27
18
26
15
28
15
28
16
28
16
25
20
27
16
19
18
18
16
35
16
29
19
30
18
29
14
26
17
27
16
25
16
27
16
28
16
26
15
29
16
18
24
22
17
31
17
25
17
27
17
23
17
26
20
27
15
20
19
26
16
20
17
27
16
18
22
26
16
28
16
26
17
21
18
22
15
18
15
20
18
17
16
19
15
22
20
27
19
26
17
29
16
27
17
18
17
28
18
31
28
26
16
27
23
27
22
18
17
26
16
28
15
25
16
30
16
26
16
34
22
19
17
33
15
21
15
29
15
28
18
18
16
26
17
27
22
26
19
27
15
33
15
24
16
30
19
32
15
27
16
37
20
28
17
27
17
26
16
26
16
25
16
30
17
21
17
26
14
26
16
23
15
27
15
26
15
30
15
25
16
26
17
27
16
25
15
28
17
26
17
24
20
26
20
27
15
25
16
33
15
27
17
27
15
28
15
28
22
26
16
22
18
33
20
27
23
28
16
28
21
28
25
31
22
27
16
33
16
31
16
19
16
30
20
21
18
24
17
22
17
25
19
28
18
27
16
28
17
27
15
