15
12
12
19
12
20
12
22
13
18
15
18
14
24
14
26
14
18
14
17
14
18
14
17
13
19
14
19
13
18
13
17
13
18
14
18
13
17
15
19
15
19
14
18
15
27
14
17
14
17
13
17
13
17
13
17
15
38
35
35
28
24
19
23
19
33
25
24
19
22
18
23
18
26
21
22
17
22
22
17
15
21
22
19
18
21
17
19
14
19
14
29
18
27
15
27
21
28
21
18
15
23
18
17
16
23
17
26
18
18
17
29
24
33
17
28
21
40
22
29
18
25
19
28
16
27
21
28
18
24
18
26
16
26
16
26
15
23
16
22
16
26
16
33
20
21
19
29
21
25
18
26
17
20
18
19
17
28
20
34
20
40
25
32
20
20
22
22
23
24
18
20
18
26
15
35
26
34
19
21
20
38
23
34
22
27
16
27
17
26
15
30
16
26
17
28
15
19
15
21
19
29
16
29
21
25
16
27
16
26
16
18
15
22
16
20
16
31
16
19
16
21
16
25
18
20
15
19
16
26
83
29
15
26
17
25
15
27
19
20
16
26
20
26
16
27
15
30
16
27
17
27
15
25
16
27
16
28
16
26
15
28
19
27
16
19
18
31
16
20
16
26
17
23
17
22
18
26
16
28
17
26
15
25
16
31
18
28
20
27
15
26
16
21
16
18
15
27
15
26
16
21
15
23
18
27
15
27
16
20
18
20
16
20
15
22
16
30
15
19
18
28
16
27
18
26
17
32
16
26
16
28
15
19
19
26
24
26
16
22
17
26
15
26
18
30
16
30
16
18
16
26
16
27
16
26
15
26
15
29
15
18
18
28
20
28
17
25
16
22
17
32
17
17
17
31
15
29
20
19
19
27
18
37
20
26
15
36
16
29
24
32
17
18
17
27
16
26
15
30
16
27
16
27
16
29
18
27
16
24
15
25
17
33
17
27
15
26
15
28
16
25
16
33
21
30
16
25
19
28
21
27
15
26
15
27
16
27
17
22
16
28
20
35
22
28
17
28
23
23
21
21
16
20
16
21
18
26
21
32
16
27
16
28
16
28
16
26
17
18
22
27
15
29
16
28
20
27
18
31
20
26
17
30
22
28
18
30
21
33
14
30
17
26
17
28
15
26
15
21
21
27
16
27
19
34
14
25
15
19
15
19
17
20
20
26
17
27
17
21
19
20
20
19
17
28
16
19
16
25
22
35
22
36
19
28
15
25
19
19
18
18
21
20
22
20
16
27
24
22
16
24
18
22
23
28
18
21
18
21
21
27
17
20
16
17
16
26
16
22
16
21
17
19
16
23
16
25
19
27
16
31
18
26
25
27
16
31
16
24
17
32
16
34
18
27
17
31
17
28
17
25
17
28
19
27
16
27
15
27
17
26
18
26
15
26
16
19
18
22
15
33
16
27
21
28
15
27
15
19
17
26
17
22
15
27
15
26
17
30
19
25
16
26
22
25
26
24
17
23
17
21
19
23
17
20
17
19
17
19
17
19
18
24
18
25
18
23
19
20
22
26
17
22
24
29
23
22
21
24
23
23
21
31
17
27
16
19
19
23
19
24
19
35
17
21
24
20
20
23
19
22
19
21
18
24
18
22
17
21
17
20
17
21
27
22
29
28
20
24
21
20
17
22
17
24
17
18
16
27
20
24
19
25
20
21
19
30
18
19
18
24
24
28
22
29
29
21
21
29
16
35
20
23
21
23
16
20
15
20
15
21
16
19
16
25
23
25
17
25
16
26
16
20
17
19
17
22
15
28
16
18
16
33
16
26
19
26
22
31
17
27
15
28
15
31
25
25
15
28
15
23
17
29
17
32
17
30
16
29
19
22
16
29
18
25
22
33
16
26
23
35
17
22
18
21
20
20
17
19
16
20
21
26
17
25
16
28
28
28
17
30
15
30
19
28
15
26
16
37
18
38
19
25
17
21
17
25
17
21
15
20
17
33
17
26
15
27
19
27
15
26
18
22
15
28
16
31
20
21
18
28
21
26
16
22
28
18
16
22
16
28
17
29
17
24
18
27
16
28
22
26
16
20
16
21
20
19
21
20
15
23
20
29
16
28
21
28
17
26
16
27
16
29
16
30
19
31
16
