16
13
12
20
13
19
13
24
13
26
19
27
15
32
27
20
18
19
15
17
14
20
15
17
14
27
14
20
14
17
15
28
25
24
27
28
30
20
21
37
25
19
16
18
17
23
21
19
16
21
20
21
16
19
17
19
21
21
20
29
17
22
16
34
16
30
18
18
18
18
15
19
15
17
15
27
15
20
17
25
18
26
15
34
23
21
20
22
20
24
22
28
16
25
21
23
16
28
16
29
20
31
19
31
24
26
18
22
17
29
25
27
20
21
17
18
18
19
16
33
23
21
28
18
17
27
17
32
22
31
20
18
15
17
15
23
15
20
21
24
17
20
16
20
19
22
20
26
16
26
19
25
14
33
23
23
15
27
16
27
17
27
15
26
20
29
19
21
15
27
15
21
16
23
15
30
17
25
24
26
23
26
15
27
19
31
15
34
20
32
15
27
16
25
15
34
16
27
16
27
15
28
16
22
17
23
17
18
15
21
18
18
15
28
18
23
20
24
20
26
15
26
16
26
17
26
15
32
18
18
134
21
15
27
19
34
15
27
19
28
20
27
17
34
16
25
27
19
15
28
15
22
17
27
18
27
17
32
16
25
15
26
16
28
20
17
15
36
24
38
26
29
16
19
17
36
23
28
15
27
17
26
15
27
17
26
15
29
16
29
15
22
20
26
16
27
16
30
15
34
24
26
21
28
17
28
21
27
14
21
19
19
19
25
15
29
18
19
16
29
15
27
17
26
16
26
14
33
17
29
16
19
14
20
15
25
18
24
25
22
15
24
18
23
16
20
15
28
15
23
15
23
18
27
17
32
25
28
23
28
18
27
25
27
28
36
24
26
17
33
34
24
22
27
21
27
16
31
26
18
17
22
20
32
17
24
14
20
16
29
17
25
16
27
19
20
17
17
24
37
16
19
16
25
16
28
23
22
16
20
21
23
18
22
17
26
15
22
15
27
16
20
16
26
18
28
16
26
15
20
17
19
16
27
17
27
15
22
20
26
20
23
16
35
23
26
24
20
18
38
28
26
17
31
15
29
18
29
21
37
22
21
16
27
17
21
16
29
17
27
16
26
18
31
17
32
20
20
17
27
16
32
17
27
18
23
15
22
22
28
15
20
21
17
15
27
20
33
15
20
16
18
16
20
16
22
17
21
16
27
16
26
16
29
18
20
18
34
16
28
21
22
15
35
24
26
22
36
19
33
19
22
20
33
22
28
21
30
17
46
21
33
15
33
22
28
16
26
15
30
16
27
18
18
17
25
24
21
16
19
16
21
18
26
15
32
18
29
16
21
16
21
16
23
16
19
14
25
15
27
19
28
16
16
15
26
20
30
15
27
17
20
15
19
15
25
18
27
14
27
18
25
22
35
25
27
17
25
19
26
15
18
16
19
15
25
15
29
15
26
15
26
18
26
15
26
20
27
15
28
18
26
16
27
16
21
18
27
16
22
15
22
24
23
21
28
18
22
16
28
15
20
16
26
17
23
15
27
15
19
19
19
16
19
16
19
19
28
16
22
17
29
15
22
16
28
22
24
16
24
18
26
23
26
20
29
20
28
16
30
16
19
16
20
15
20
18
25
17
28
16
31
15
30
17
31
17
27
17
26
16
28
16
30
17
25
16
28
17
28
16
25
15
30
16
29
17
29
15
26
16
31
18
25
22
26
24
27
15
30
16
21
21
32
15
17
15
33
15
32
15
19
15
19
16
29
19
30
15
25
20
18
16
17
16
21
15
19
15
24
18
22
19
22
17
20
17
26
15
23
19
21
14
24
15
26
21
20
18
32
20
22
17
20
20
27
25
20
16
20
17
20
14
33
21
27
15
27
17
19
17
27
20
25
17
27
15
30
15
28
15
25
15
25
16
26
15
28
17
26
18
31
16
28
15
32
24
26
19
27
25
25
16
31
18
26
16
26
16
28
20
31
16
26
18
28
17
31
16
28
17
37
18
26
16
17
16
26
15
35
16
27
18
26
18
34
16
19
15
28
17
33
22
28
17
20
16
27
16
34
16
31
23
37
24
29
23
33
24
20
16
19
16
28
15
29
19
19
18
23
15
23
22
20
18
26
17
30
16
18
15
18
15
33
22
22
21
21
15
23
17
20
15
20
23
20
16
34
30
32
22
25
19
19
23
23
18
19
15
20
20
26
17
24
15
27
15
27
16
20
23
23
19
23
19
23
16
24
26
21
16
28
19
21
20
21
15
29
15
25
22
29
14
19
16
18
19
34
22
30
19
26
15
28
18
27
17
25
21
18
17
32
20
29
16
