15
12
11
24
18
15
30
16
14
32
17
15
31
19
19
26
23
17
29
19
17
24
19
15
24
18
16
30
19
14
24
19
16
22
15
14
29
21
16
20
19
17
29
22
23
28
18
16
32
21
17
24
20
18
23
18
15
23
17
16
31
18
16
32
18
17
35
20
17
39
20
21
41
19
23
23
24
24
25
20
20
28
17
16
34
25
17
37
21
16
27
17
16
30
21
16
32
21
17
33
24
15
39
19
17
30
23
16
33
25
17
33
23
20
28
19
15
34
21
19
26
18
16
34
23
15
31
18
16
31
25
20
33
18
15
25
17
24
35
20
16
33
23
18
34
17
17
38
27
18
29
34
23
28
17
17
36
22
16
34
24
19
32
17
15
24
17
21
26
23
18
24
18
18
34
22
18
31
18
17
24
25
14
30
18
16
30
20
17
26
18
15
31
20
15
33
32
21
27
18
20
33
21
19
44
23
16
94
17
16
30
19
16
33
19
23
30
17
17
31
20
16
32
23
16
30
25
20
24
19
17
33
18
17
32
22
16
36
23
20
32
20
16
31
18
15
30
24
18
24
23
15
18
26
16
33
16
15
36
19
18
31
19
23
38
31
26
35
21
20
30
17
16
22
21
16
34
25
18
31
24
18
31
25
17
24
21
17
31
20
15
31
21
15
34
18
17
30
21
18
32
30
23
29
20
16
36
31
15
32
25
20
32
25
15
33
19
17
31
18
16
38
20
16
33
17
16
32
19
21
22
18
16
23
26
15
32
28
20
29
19
21
30
16
19
36
25
17
23
24
18
31
18
17
31
23
18
31
18
15
29
19
18
34
22
17
34
21
16
31
18
16
39
17
16
29
22
18
37
19
19
32
22
17
31
19
21
22
19
17
24
20
17
31
20
16
33
26
16
34
17
19
40
22
21
27
22
19
26
19
19
30
18
17
28
17
17
27
29
19
28
23
22
28
34
20
29
29
15
30
26
16
26
25
15
21
27
17
29
27
15
28
26
16
26
25
19
26
25
17
26
24
22
26
26
20
28
23
22
31
33
15
27
23
16
18
17
24
26
17
25
27
17
27
26
16
24
27
17
25
27
16
29
32
17
31
26
17
24
25
18
22
27
22
28
31
16
25
26
16
34
27
16
27
26
18
23
28
16
25
21
21
24
20
18
31
28
17
28
28
16
26
20
19
27
19
16
24
28
17
23
26
17
26
31
24
30
30
20
32
23
17
30
26
16
24
27
14
23
26
15
23
27
17
24
25
22
30
31
18
25
19
15
24
25
39
25
18
16
25
28
16
26
27
16
24
25
16
26
18
17
29
27
16
25
28
15
24
19
16
23
20
16
23
18
16
25
16
16
21
20
17
23
17
18
25
28
16
23
27
16
23
23
16
23
20
16
24
28
20
22
27
22
23
18
16
24
27
15
24
26
16
30
34
20
29
30
18
25
31
18
23
35
20
24
26
23
22
26
16
21
29
16
22
27
16
27
22
18
24
30
21
25
35
17
26
26
24
23
21
17
23
25
15
23
33
17
27
23
18
24
26
19
28
26
17
25
25
20
27
27
16
27
23
26
23
26
17
23
26
19
29
19
19
26
19
20
27
29
20
29
27
17
27
19
21
26
26
17
27
19
18
24
21
17
24
20
16
21
26
16
22
32
16
27
28
15
23
21
19
34
25
17
24
26
15
23
17
17
23
27
15
24
25
19
30
30
19
28
20
15
28
18
21
25
30
16
22
33
18
23
19
16
25
26
16
24
33
21
22
30
20
21
21
17
25
32
16
22
29
22
29
25
16
24
27
17
25
27
16
25
24
16
24
20
16
25
27
19
31
25
17
30
28
22
27
19
17
28
26
17
24
27
17
26
28
15
27
28
22
28
29
15
32
32
16
24
26
16
25
26
16
24
31
15
24
26
15
24
22
26
26
27
15
26
25
18
26
27
16
23
32
22
28
21
27
33
23
21
25
23
16
23
18
17
33
24
16
31
28
15
28
27
15
26
28
14
24
32
15
25
27
17
25
28
32
28
28
15
23
25
16
33
27
16
24
23
17
29
26
18
28
28
16
24
31
18
27
17
19
25
39
21
34
19
15
24
18
17
23
26
19
23
18
16
27
25
16
28
28
16
22
34
16
29
26
15
21
23
24
23
20
19
31
19
19
25
23
17
31
21
19
29
22
17
28
29
22
31
22
19
40
24
25
34
23
20
29
20
18
27
21
22
25
22
20
30
20
24
30
19
17
29
22
18
26
21
21
32
21
23
28
22
21
31
25
19
26
20
20
31
21
18
30
22
19
28
34
18
30
27
21
24
20
17
26
19
18
28
121
18
30
30
30
28
24
19
37
22
20
26
22
18
27
122
17
25
21
18
27
21
17
27
20
17
26
29
17
23
19
19
28
21
18
26
21
17
24
21
16
22
18
24
25
22
16
23
22
17
24
26
21
27
25
16
26
21
20
25
20
16
24
27
31
25
28
20
40
20
17
34
23
17
31
31
16
31
18
19
25
21
17
31
26
18
35
26
17
32
30
16
35
18
18
25
20
20
26
19
24
26
22
16
30
18
17
26
21
17
33
20
17
32
18
16
25
32
16
28
26
21
48
23
17
26
19
17
30
27
19
24
27
15
30
27
17
31
20
16
31
28
15
28
27
21
34
24
15
32
27
15
35
20
23
28
28
16
32
22
15
34
26
16
25
30
15
34
28
15
33
18
16
26
20
17
25
28
15
41
18
16
33
25
27
26
24
19
30
28
16
39
24
16
26
29
16
37
21
22
33
29
16
29
34
17
27
26
17
35
26
21
30
26
17
27
20
15
24
19
16
27
20
20
26
27
16
38
24
20
32
25
15
23
27
16
32
28
16
23
17
23
29
21
24
24
25
27
32
18
16
30
26
16
22
27
15
29
26
16
34
28
15
36
21
26
31
20
16
34
26
16
32
19
18
36
26
23
27
39
17
34
35
19
37
29
16
34
21
16
35
35
18
28
24
15
35
27
16
34
36
22
40
26
16
33
28
16
36
20
20
33
26
18
33
26
18
31
24
20
34
28
17
24
29
15
42
33
16
36
20
24
32
27
18
26
28
19
31
27
20
