16
12
11
20
16
18
13
23
13
21
16
26
17
24
14
19
16
20
15
25
15
25
17
26
14
19
16
26
14
19
16
24
17
28
16
27
16
34
17
22
17
28
18
28
17
29
17
27
16
31
17
34
17
28
19
27
28
27
16
28
16
27
19
29
16
28
17
26
16
26
18
28
16
33
16
27
15
21
18
20
18
21
17
33
16
18
16
28
21
39
17
26
16
26
15
20
16
26
16
20
17
20
17
26
21
27
16
29
17
25
20
27
22
27
17
28
17
26
18
27
16
26
15
28
18
28
20
27
16
26
16
26
16
31
20
27
16
27
16
25
17
19
20
29
16
25
19
28
16
33
16
26
16
18
20
35
17
29
25
28
17
23
27
31
17
27
16
44
22
27
17
27
15
34
22
29
25
31
25
28
16
30
27
26
19
33
19
25
16
28
23
27
15
29
17
23
24
22
17
19
21
29
16
29
20
26
17
23
19
34
17
27
17
29
16
30
15
29
19
27
22
35
16
30
19
41
18
33
21
23
85
28
16
21
18
23
17
19
16
28
20
29
15
24
17
36
25
38
21
23
21
20
20
27
22
30
21
35
23
25
16
30
16
30
16
25
18
31
21
29
22
29
22
20
18
27
20
32
20
28
27
18
18
35
18
30
18
32
18
28
22
23
23
35
22
25
16
27
16
34
26
32
21
29
16
28
17
26
18
30
16
28
18
27
23
27
16
27
18
19
16
37
21
31
20
32
19
27
17
28
18
30
25
28
16
33
21
26
15
27
18
29
17
26
20
30
17
29
18
27
18
28
20
26
27
37
16
21
17
36
22
18
18
31
19
29
20
35
24
33
17
22
18
35
20
35
18
27
15
20
16
28
16
31
22
27
16
21
24
19
16
24
18
20
21
21
16
20
17
26
24
20
20
27
24
28
16
26
20
18
16
33
17
37
16
27
20
21
16
34
20
25
16
31
15
36
16
18
15
28
18
30
21
25
22
27
19
21
16
20
15
32
18
34
16
27
17
19
16
27
15
28
15
33
16
24
17
27
17
41
17
27
16
27
16
27
16
31
16
22
16
32
19
21
16
26
16
20
15
27
18
19
17
23
16
19
16
19
16
20
16
20
15
19
24
20
16
21
19
19
17
27
17
27
16
31
16
20
15
42
18
26
16
29
16
30
15
19
17
29
17
27
21
29
19
29
16
28
16
26
16
28
16
28
17
26
15
19
20
27
17
26
16
29
17
26
16
30
15
27
15
26
17
24
17
33
16
28
23
32
19
28
15
28
16
26
15
21
19
250
174
23
23
31
21
21
22
18
17
32
23
26
17
18
16
29
21
34
22
28
16
26
23
22
16
25
25
33
16
24
23
20
25
27
23
30
20
34
19
30
21
25
18
25
22
20
16
23
16
29
21
19
17
22
16
21
17
21
20
20
17
22
19
26
17
21
18
25
16
23
16
23
15
20
21
30
16
29
18
30
17
20
23
31
20
30
16
28
15
27
18
27
17
29
21
20
17
26
15
35
19
27
17
20
21
31
16
28
18
27
16
30
18
27
18
27
17
35
18
26
16
25
18
29
23
28
22
27
21
27
16
29
19
19
17
29
15
27
16
26
16
19
16
22
17
19
16
20
16
21
16
23
24
21
17
33
24
20
17
21
17
20
16
18
18
29
17
27
15
25
17
29
27
19
17
18
20
18
23
23
19
20
20
25
22
22
16
26
16
27
16
29
18
24
16
32
15
26
15
26
16
18
18
27
16
26
16
26
22
28
15
26
16
29
16
27
16
28
15
28
17
27
15
26
16
28
16
28
16
27
15
27
16
27
20
25
18
29
15
22
15
18
17
23
16
19
16
28
18
29
33
20
21
20
16
27
17
24
19
27
18
23
16
19
16
27
21
23
17
26
17
20
16
29
22
30
25
24
18
27
16
29
19
39
16
36
25
23
18
27
19
20
16
29
18
26
22
35
16
27
22
28
22
26
19
20
16
27
18
23
15
29
18
19
19
27
20
20
29
25
26
20
16
24
18
18
21
19
17
18
15
19
16
26
18
33
17
18
16
