25
10
14
35
9
17
7
15
6
19
7
28
7
20
11
17
7
9
7
11
8
10
8
10
9
9
6
10
9
11
7
12
8
9
6
12
9
11
8
17
8
19
8
17
7
8
8
17
7
20
7
18
8
18
8
16
7
17
6
11
10
18
7
18
6
18
9
18
7
18
7
17
6
17
8
9
8
17
8
17
8
18
7
18
9
17
6
17
8
19
8
19
7
17
7
18
7
10
7
10
6
11
7
9
7
10
9
11
9
10
6
11
8
9
6
11
8
16
7
17
8
18
7
17
6
15
6
11
8
9
6
9
7
11
7
9
7
18
6
17
7
9
8
18
7
16
6
10
8
17
7
17
8
16
7
16
7
16
7
16
6
17
8
16
9
16
7
15
7
19
8
18
8
20
7
17
8
16
7
17
7
10
9
18
8
18
7
18
9
17
8
18
9
19
9
10
7
16
8
10
9
10
8
17
10
21
11
10
7
17
8
17
8
17
8
17
8
14
9
9
7
11
7
11
8
11
8
17
8
17
7
18
7
19
7
17
7
18
8
17
8
15
8
18
8
10
6
16
7
29
10
9
7
28
11
17
7
10
8
20
8
9
8
18
8
9
7
43
19
9
8
19
8
13
12
10
8
12
7
11
8
10
8
11
8
19
9
8
7
10
8
10
8
9
9
11
9
9
8
13
11
18
8
15
7
15
7
18
9
14
8
12
7
26
7
13
7
18
8
20
8
14
9
19
8
10
8
10
8
12
9
18
8
16
8
19
8
21
9
18
8
17
7
12
7
13
7
10
6
19
12
17
8
19
10
9
7
17
8
17
7
18
8
13
11
11
6
7
6
8
5
8
6
15
6
7
6
8
5
8
7
9
6
15
6
8
5
9
6
7
6
16
7
6
5
15
5
8
7
15
5
17
6
8
6
14
6
7
6
13
6
15
6
8
6
7
6
7
5
10
6
7
6
8
6
7
6
7
6
8
6
8
9
7
6
7
6
7
6
19
11
15
6
15
6
9
6
8
6
14
7
16
6
7
6
9
6
15
6
15
6
7
6
17
5
11
7
7
6
16
5
16
6
8
6
8
6
8
7
15
6
14
6
10
7
7
5
8
7
14
6
7
7
7
7
10
6
16
6
16
5
14
6
15
7
15
6
8
7
15
6
15
6
8
6
7
5
15
6
18
6
7
6
14
7
11
7
10
6
8
7
9
8
15
6
8
7
8
6
18
7
16
7
16
7
8
6
15
6
18
5
16
6
7
5
8
6
9
7
8
7
15
6
16
6
11
6
18
6
15
5
18
6
15
8
15
6
7
7
17
5
15
10
16
6
16
8
10
6
9
6
16
6
14
5
15
7
8
5
15
6
15
9
17
6
7
5
13
7
17
5
7
9
15
6
8
6
8
6
9
7
7
6
16
6
7
8
8
7
16
8
15
5
15
6
10
7
15
6
15
6
7
6
15
5
7
6
9
6
7
5
15
7
15
6
9
6
19
6
18
8
17
8
8
6
9
6
16
6
16
8
15
5
16
8
8
6
15
6
7
6
16
8
15
6
9
5
9
6
18
6
16
7
7
6
7
6
7
6
15
6
15
6
17
9
10
7
11
6
7
5
9
5
17
6
15
6
8
8
15
6
16
6
16
6
9
6
17
6
15
6
14
7
10
6
8
6
16
6
14
5
16
6
15
6
7
6
15
8
15
10
18
6
15
6
8
7
15
7
15
5
15
6
16
5
10
7
15
6
15
9
16
6
16
6
15
7
9
7
7
6
15
6
14
5
6
6
15
6
15
6
14
6
8
6
7
6
9
5
8
6
9
6
7
7
9
6
15
7
15
7
15
7
16
7
7
6
16
6
14
6
16
6
11
7
8
7
10
7
8
7
7
6
7
7
17
6
16
6
18
8
15
6
7
6
16
6
8
6
15
8
15
6
10
7
14
6
8
6
15
7
8
6
8
6
15
6
16
5
16
6
15
5
15
6
9
6
16
7
15
5
15
6
10
8
8
6
17
6
16
6
7
6
14
6
15
6
8
6
7
6
17
6
16
7
7
6
9
6
9
7
7
6
8
7
9
6
9
5
9
6
9
6
9
5
9
6
7
5
8
6
9
6
7
7
7
6
8
5
9
6
8
6
8
6
8
6
7
6
16
5
13
6
7
6
16
6
15
6
8
6
16
6
7
6
9
6
10
7
15
8
14
6
8
5
16
6
19
6
15
7
7
6
8
6
15
7
16
6
7
6
15
6
14
6
8
5
15
6
15
5
15
7
14
5
8
6
15
8
16
5
14
6
16
6
15
6
9
5
8
6
16
6
15
6
9
6
7
6
16
6
87
8
16
6
8
5
14
6
14
7
18
7
15
6
15
6
7
5
15
6
15
74
7
6
15
6
8
6
14
8
13
6
10
7
15
6
10
6
15
6
16
8
17
6
7
6
15
6
14
6
16
5
16
6
8
6
8
6
15
5
14
6
15
8
7
5
8
6
7
6
14
5
13
6
7
7
8
9
18
9
19
6
15
6
8
6
8
6
16
7
14
6
15
7
8
8
15
5
16
10
15
6
16
7
7
5
16
5
16
6
7
6
15
6
8
6
14
5
14
6
15
6
16
6
7
6
16
7
16
6
7
6
9
6
15
7
15
6
15
8
14
6
8
6
16
7
7
6
13
5
15
7
8
6
7
6
7
6
15
5
16
6
14
6
15
6
14
7
16
6
15
6
7
6
82
8
17
6
15
8
