16
12
11
19
13
19
14
23
13
20
15
30
17
18
15
19
14
18
15
19
17
18
15
23
16
17
15
21
17
19
16
25
16
19
15
25
22
19
17
20
15
29
17
27
17
32
15
26
16
27
21
21
15
26
16
32
24
27
17
31
21
19
19
28
15
27
14
31
21
27
18
23
16
25
15
29
18
25
16
31
16
29
22
24
16
32
14
28
15
30
15
18
15
28
17
30
15
24
15
24
15
26
14
25
24
27
15
28
14
25
18
27
16
26
16
33
16
18
15
32
17
22
14
37
15
33
15
25
15
20
16
20
15
19
21
21
15
18
15
18
15
22
16
22
18
23
19
26
14
25
15
17
15
26
15
29
16
25
15
21
23
24
17
29
16
26
16
26
17
25
15
25
15
27
17
25
16
33
16
25
17
19
16
26
20
26
19
25
15
31
23
27
15
27
14
26
15
26
19
26
17
19
15
27
18
26
22
26
19
26
17
18
15
27
15
34
15
29
19
29
18
30
15
25
19
29
16
27
18
27
132
25
14
26
20
25
15
28
15
26
15
19
17
19
15
20
17
24
15
25
16
26
15
26
15
20
17
22
17
26
15
20
18
29
17
25
15
26
16
27
15
26
15
27
15
19
16
29
17
18
16
22
16
18
17
19
16
19
16
19
16
29
16
25
16
24
17
30
17
28
19
26
17
25
18
27
15
25
15
27
20
33
21
28
20
19
17
19
16
26
16
21
20
19
16
17
15
24
17
34
20
25
16
22
18
27
25
32
15
37
17
35
15
28
22
19
18
19
19
27
17
20
15
19
15
19
16
19
16
26
14
26
15
30
19
27
16
25
15
27
16
26
15
19
16
27
17
19
15
31
15
31
18
32
15
18
15
26
18
25
16
27
15
20
15
28
15
28
15
32
14
22
15
27
18
26
16
26
17
28
20
30
19
26
16
17
15
32
15
27
18
28
21
28
15
26
15
25
15
35
24
31
20
28
21
32
17
27
21
32
20
27
15
33
20
19
18
19
17
20
16
26
16
26
15
26
15
25
15
28
17
22
16
23
16
32
15
27
16
26
19
27
16
27
16
25
17
26
15
29
15
30
25
28
19
26
19
26
16
30
16
25
15
25
16
19
15
30
15
26
17
27
25
30
16
22
17
34
19
28
15
19
15
27
14
27
14
28
15
30
15
20
17
29
17
26
21
30
17
27
21
35
15
27
17
25
15
34
18
32
29
27
15
19
16
27
16
33
22
32
17
19
14
19
16
18
19
28
15
25
19
28
15
31
17
25
20
27
15
27
20
23
20
18
17
20
16
16
17
20
18
24
17
32
16
27
16
26
16
25
15
26
15
27
15
27
15
20
16
42
16
30
25
33
15
26
21
18
17
27
15
18
20
25
16
26
15
32
17
32
19
29
20
29
16
18
15
28
15
27
15
27
16
20
15
28
24
25
16
23
15
18
15
26
15
23
27
21
20
21
22
35
15
26
15
32
17
30
28
29
16
27
19
27
15
27
16
29
16
29
17
22
18
31
17
26
20
27
16
23
16
26
19
27
21
26
22
28
18
32
18
21
16
30
16
27
16
27
22
34
16
28
24
21
16
26
16
30
15
33
16
32
22
37
15
24
16
31
20
27
16
25
15
33
15
25
15
27
16
34
19
27
15
28
15
31
15
29
17
18
21
32
22
24
20
25
19
34
21
27
16
25
15
18
16
26
20
20
16
19
16
19
14
19
16
21
15
20
16
17
20
19
17
27
15
25
15
27
15
27
15
25
16
19
23
24
16
25
20
26
14
27
16
26
16
32
15
27
15
26
18
26
17
20
16
26
18
27
16
20
16
28
17
21
15
26
15
30
19
29
16
27
16
19
16
25
17
27
15
20
15
27
16
26
15
28
16
27
21
30
16
26
17
29
15
22
21
29
16
27
16
27
22
28
17
36
26
35
19
26
17
34
21
27
20
32
24
19
18
31
15
25
19
28
21
22
16
25
16
26
16
27
15
25
16
27
15
26
17
27
15
25
15
27
15
26
15
25
15
29
16
26
16
29
16
26
19
